---
cam_front:
  width: 640
  height: 480
  fps: 30
  device: /dev/auv_cam_front

  image_width: 640
  image_height: 480
  camera_name: cam_front
  camera_matrix:
    rows: 3
    cols: 3
    data: [676.312034, 0.0, 643.420557, 0.0, 681.711604, 354.735897, 0.0, 0.0, 1.0]
  distortion_model: plumb_bob
  distortion_coefficients:
    rows: 1
    cols: 5
    data: [-0.218911, 0.052431, 0.000932, -0.001531, 0.0]
  rectification_matrix:
    rows: 3
    cols: 3
    data: [1.0, 0.0, 0.0, 0.0, 1.0, 0.0, 0.0, 0.0, 1.0]
  projection_matrix:
    rows: 3
    cols: 4
    data: [537.461060, 0.0, 638.240070, 0.0, 0.0, 636.927185, 354.177599, 0.0, 0.0, 0.0, 1.0, 0.0]
