---
cam_front:
  width: 640
  height: 480
  fps: 30
  device: /dev/auv_cam_front

  image_width: 640
  image_height: 480
  camera_name: cam_front
  camera_matrix:
    rows: 3
    cols: 3
    data: [649.684819, 0.0, 298.686240, 0.0, 659.775734, 177.605645, 0.0, 0.0, 1.0]
  distortion_model: plumb_bob
  distortion_coefficients:
    rows: 1
    cols: 5
    data: [0.064962, -0.126908, -0.023615, -0.004520, 0.0]
  rectification_matrix:
    rows: 3
    cols: 3
    data: [1.0, 0.0, 0.0, 0.0, 1.0, 0.0, 0.0, 0.0, 1.0]
  projection_matrix:
    rows: 3
    cols: 4
    data: [662.081530, 0.0, 296.338486, 0.0, 0.0, 660.742804, 169.563898, 0.0, 0.0, 0.0, 1.0, 0.0]

cam_bottom:
  width: 640
  height: 480
  fps: 30
  device: /dev/auv_cam_bottom

  image_width: 640
  image_height: 480
  camera_name: cam_bottom
  camera_matrix:
    rows: 3
    cols: 3
    data: [662.777153, 0, 316.454652, 0, 871.683826, 249.195884, 0, 0, 1]
  distortion_model: plumb_bob
  distortion_coefficients:
    rows: 1
    cols: 5
    data: [0.666467, -0.503379, 0.0089, -0.008196, 0.0]
  rectification_matrix:
    rows: 3
    cols: 3
    data: [1, 0, 0, 0, 1, 0, 0, 0, 1]
  projection_matrix:
    rows: 3
    cols: 4
    data: [750.047689, 0, 313.903300, 0, 0, 988.371962, 250.566244, 0, 0, 0, 1, 0]
