cam_front:
  width: 1920
  height: 1080
  fps: 30
  device: /dev/auv_oak

  image_width: 1920
  image_height: 1080
  camera_name: cam_front
  camera_matrix:
    rows: 3
    cols: 3
    data: [1039.4006512175456, 0.0, 982.2180580493326, 0.0, 1038.0437091829185, 480.2789361551308, 0.0, 0.0, 1.0]
  distortion_model: plumb_bob
  distortion_coefficients:
    rows: 1
    cols: 5
    data: [-0.21540881023274808, 0.050057456819052056, 0.0007404707488088433, 3.005164400617684e-05, 0.0]
  rectification_matrix:
    rows: 3
    cols: 3
    data: [1.0, 0.0, 0.0, 0.0, 1.0, 0.0, 0.0, 0.0, 1.0]
  projection_matrix:
    rows: 3
    cols: 4
    data: [833.5513305664062, 0.0, 990.1558074950299, 0.0, 0.0, 970.8470458984375, 472.53185631440283, 0.0, 0.0, 0.0, 1.0, 0.0]

cam_bottom:
  width: 1920
  height: 1080
  fps: 30
  device: /dev/auv_cam_bottom

  image_width: 1920
  image_height: 1080
  camera_name: cam_bottom
  camera_matrix:
    rows: 3
    cols: 3
    data: [1297.146382, 0.0, 978.014042, 0.0, 1294.949338, 518.626103, 0.0, 0.0, 1.0]
  distortion_model: plumb_bob
  distortion_coefficients:
    rows: 1
    cols: 5
    data: [-0.304776, 0.140531, 0.006985, -0.000393, 0.0]
  rectification_matrix:
    rows: 3
    cols: 3
    data: [1.0, 0.0, 0.0, 0.0, 1.0, 0.0, 0.0, 0.0, 1.0]
  projection_matrix:
    rows: 3
    cols: 4
    data: [1102.188721, 0.0, 979.470058, 0.0, 0.0, 1224.636719, 521.565896, 0.0, 0.0, 0.0, 1.0, 0.0]
