cam_front:
  width: 640
  height: 480
  fps: 30
  device: /dev/auv_cam_front

  image_width: 640
  image_height: 480
  camera_name: cam_front
  camera_matrix:
    rows: 3
    cols: 3
    data: [432.803545, 0, 306.698087, 0, 567.001237, 221.133655, 0, 0, 1]
  distortion_model: plumb_bob
  distortion_coefficients:
    rows: 1
    cols: 5
    data: [-0.002190, -0.089089, -0.013968, -0.006001, 0.0]
  rectification_matrix:
    rows: 3
    cols: 3
    data: [1, 0, 0, 0, 1, 0, 0, 0, 1]
  projection_matrix:
    rows: 3
    cols: 4
    data: [418.235107, 0, 299.166000, 0, 0, 562.794705, 217.160352, 0, 0, 0, 1, 0]

cam_bottom:
  width: 640
  height: 480
  fps: 30
  device: /dev/auv_cam_bottom

  image_width: 640
  image_height: 480
  camera_name: cam_bottom
  camera_matrix:
    rows: 3
    cols: 3
    data: [662.777153, 0, 316.454652, 0, 871.683826, 249.195884, 0, 0, 1]
  distortion_model: plumb_bob
  distortion_coefficients:
    rows: 1
    cols: 5
    data: [0.666467, -0.503379, 0.0089, -0.008196, 0.0]
  rectification_matrix:
    rows: 3
    cols: 3
    data: [1, 0, 0, 0, 1, 0, 0, 0, 1]
  projection_matrix:
    rows: 3
    cols: 4
    data: [750.047689, 0, 313.903300,0, 0, 988.371962, 250.566244,0, 0, 0, 1,0]
