---
cam_front:
  width: 640
  height: 480
  fps: 30
  device: /dev/auv_cam_front

  image_width: 640
  image_height: 480
  camera_name: cam_front
  camera_matrix:
    rows: 3
    cols: 3
    data: [667.753275, 0.0, 314.297119, 0.0, 682.166030, 230.408568, 0.0, 0.0, 1.0]
  distortion_model: plumb_bob
  distortion_coefficients:
    rows: 1
    cols: 5
    data: [0.104936, -0.276431, 0.000856, 0.002561, 0.0]
  rectification_matrix:
    rows: 3
    cols: 3
    data: [1.0, 0.0, 0.0, 0.0, 1.0, 0.0, 0.0, 0.0, 1.0]
  projection_matrix:
    rows: 3
    cols: 4
    data: [673.191345, 0.0, 314.919527, 0.0, 0.0, 688.396362, 230.185032, 0.0, 0.0, 0.0, 1.0, 0.0]

cam_bottom:
  width: 640
  height: 480
  fps: 30
  device: /dev/auv_cam_bottom

  image_width: 640
  image_height: 480
  camera_name: cam_bottom
  camera_matrix:
    rows: 3
    cols: 3
    data: [998.599439, 0.0, 265.425260, 0.0, 979.419592, 240.402775, 0.0, 0.0, 1.0]
  distortion_model: plumb_bob
  distortion_coefficients:
    rows: 1
    cols: 5
    data: [0.869643, -1.060488, -0.007736, -0.062698, 0.0]
  rectification_matrix:
    rows: 3
    cols: 3
    data: [1.0, 0.0, 0.0, 0.0, 1.0, 0.0, 0.0, 0.0, 1.0]
  projection_matrix:
    rows: 3
    cols: 4
    data: [1081.186890, 0.0, 252.365375, 0.0, 0.0, 1083.032104, 238.487351, 0.0, 0.0, 0.0, 1.0, 0.0]
