cam_front:
  width: 1920
  height: 1080
  fps: 30
  device: /dev/auv_cam_front

  image_width: 1920
  image_height: 1080
  camera_name: cam_front
  camera_matrix:
    rows: 3
    cols: 3
    data: [1298.410634, 0.0, 920.094260, 0.0, 1275.752783, 483.400964, 0.0, 0.0, 1.0]
  distortion_model: plumb_bob
  distortion_coefficients:
    rows: 1
    cols: 5
    data: [-0.002190, -0.089089, -0.013968, -0.006001, 0.0]
  rectification_matrix:
    rows: 3
    cols: 3
    data: [1, 0, 0, 0, 1, 0, 0, 0, 1]
  projection_matrix:
    rows: 3
    cols: 4
    data: [1254.705322, 0.0, 897.498001, 0.0, 0.0, 1266.288086, 471.481056, 0.0, 0.0, 0.0, 1.0, 0.0]

cam_bottom:
  width: 1920
  height: 1080
  fps: 30
  device: /dev/auv_cam_bottom

  image_width: 1920
  image_height: 1080
  camera_name: cam_bottom
  camera_matrix:
    rows: 3
    cols: 3
    data: [1988.331458, 0.0, 949.363955, 0.0, 1961.288609, 567.587652, 0.0, 0.0, 1.0]
  distortion_model: plumb_bob
  distortion_coefficients:
    rows: 1
    cols: 5
    data: [0.666467, -0.503379, 0.0089, -0.008196, 0.0]
  rectification_matrix:
    rows: 3
    cols: 3
    data: [1, 0, 0, 0, 1, 0, 0, 0, 1]
  projection_matrix:
    rows: 3
    cols: 4
    data: [2250.143066, 0.0, 941.709900, 0.0, 0.0, 2223.836914, 571.698733, 0.0, 0.0, 0.0, 1.0, 0.0]
