cam_front:
  width: 640
  height: 480
  fps: 30
  device: /dev/auv_cam_front

  image_width: 640
  image_height: 480
  camera_name: cam_front
  camera_matrix:
    rows: 3
    cols: 3
    data: [1653.358474, 0, 1009.142077, 0, 1629.811776, 670.599977, 0, 0, 1]
  distortion_model: plumb_bob
  distortion_coefficients:
    rows: 1
    cols: 5
    data: [-0.467560, 0.332129, 0.002247, 0.002496, 0]
  rectification_matrix:
    rows: 3
    cols: 3
    data: [1, 0, 0, 0, 1, 0, 0, 0, 1]
  projection_matrix:
    rows: 3
    cols: 4
    data: [1411.859619, 0, 1025.535637, 0, 0, 1536.730835, 615.869676, 0, 0, 0, 1, 0]

cam_bottom:
  width: 640
  height: 480
  fps: 30
  device: /dev/auv_cam_bottom

  image_width: 640
  image_height: 480
  camera_name: cam_bottom
  camera_matrix:
    rows: 3
    cols: 3
    data: [1768.591945, 0, 1075.774956, 0, 1746.645516, 528.721547, 0, 0, 1]
  distortion_model: plumb_bob
  distortion_coefficients:
    rows: 1
    cols: 5
    data: [-0.405875, 0.184786, -0.004663, -0.007892, 0]
  rectification_matrix:
    rows: 3
    cols: 3
    data: [1, 0, 0, 0, 1, 0, 0, 0, 1]
  projection_matrix:
    rows: 3
    cols: 4
    data: [1538.899292, 0, 1088.638768, 0, 0, 1673.251709, 524.461963, 0, 0, 0, 1, 0]
