cam_front:
  width: 640
  height: 480
  fps: 30
  device: /dev/auv_cam_front

  image_width: 640
  image_height: 480
  camera_name: cam_front
  camera_matrix:
    rows: 3
    cols: 3
    data: [532.9789342187728, 0.0, 307.2486780286356, 0.0, 530.3667990820106, 234.5765600858483, 0.0, 0.0, 1.0]
  distortion_model: plumb_bob
  distortion_coefficients:
    rows: 1
    cols: 5
    data: [-0.09460033828919484, -0.006077960281157941, -0.0017120859523036003, -0.0012908245451136537, 0.0]
  rectification_matrix:
    rows: 3
    cols: 3
    data: [1.0, 0.0, 0.0, 0.0, 1.0, 0.0, 0.0, 0.0, 1.0]
  projection_matrix:
    rows: 3
    cols: 4
    data: [511.75140380859375, 0.0, 304.7841333377801, 0.0, 0.0, 518.269287109375, 233.2418856086224, 0.0, 0.0, 0.0, 1.0, 0.0]
cam_bottom_old:
  width: 640
  height: 480
  fps: 30
  device: /dev/auv_cam_bottom

  image_width: 640
  image_height: 480
  camera_name: cam_bottom
  camera_matrix:
    rows: 3
    cols: 3
    data: [998.599439, 0.0, 265.425260, 0.0, 979.419592, 240.402775, 0.0, 0.0, 1.0]
  distortion_model: plumb_bob
  distortion_coefficients:
    rows: 1
    cols: 5
    data: [0.869643, -1.060488, -0.007736, -0.062698, 0.0]
  rectification_matrix:
    rows: 3
    cols: 3
    data: [1.0, 0.0, 0.0, 0.0, 1.0, 0.0, 0.0, 0.0, 1.0]
  projection_matrix:
    rows: 3
    cols: 4
    data: [1081.186890, 0.0, 252.365375, 0.0, 0.0, 1083.032104, 238.487351, 0.0, 0.0, 0.0, 1.0, 0.0]

cam_torpedo:
  width: 800
  height: 448
  fps: 30

  image_width: 800
  image_height: 448
  camera_name: cam_torpedo
  camera_matrix:
    rows: 3
    cols: 3
    data: [343.876284, 0.000000, 409.919878, 0.000000, 344.679567, 184.798776, 0.000000, 0.000000, 1.000000]
  distortion_model: plumb_bob
  distortion_coefficients:
    rows: 1
    cols: 5
    data: [-0.182406, 0.066114, -0.022153, -0.001098, 0.000000]
  rectification_matrix:
    rows: 3
    cols: 3
    data: [1.000000, 0.000000, 0.000000, 0.000000, 1.000000, 0.000000, 0.000000, 0.000000, 1.000000]
  projection_matrix:
    rows: 3
    cols: 4
    data: [314.952088, 0.000000, 406.627117, 0.000000, 0.000000, 312.423177, 167.150909, 0.000000, 0.000000, 0.000000, 1.000000, 0.000000]

cam_bottom:
  width: 1920
  height: 1080
  fps: 30
  device: /dev/auv_cam_ov2710

  image_width: 1920
  image_height: 1080
  camera_name: cam_bottom
  camera_matrix:
    rows: 3
    cols: 3
    data: [1346.000649, 0.0, 985.326153, 0.0, 1348.504188, 476.440094, 0.0, 0.0, 1.0]
  distortion_model: plumb_bob
  distortion_coefficients:
    rows: 1
    cols: 5
    data: [-0.312450, 0.171413, 0.003464, -0.009673, 0.0]
  rectification_matrix:
    rows: 3
    cols: 3
    data: [1.0, 0.0, 0.0, 0.0, 1.0, 0.0, 0.0, 0.0, 1.0]
  projection_matrix:
    rows: 3
    cols: 4
    data: [1167.345202, 0.0, 958.832806, 0.0, 0.0, 1280.510715, 472.731093, 0.0, 0.0, 0.0, 1.0, 0.0]
