---
cam_front:
  width: 640
  height: 480
  fps: 30
  device: /dev/auv_cam_front

  image_width: 640
  image_height: 480
  camera_name: cam_front
  camera_matrix:
    rows: 3
    cols: 3
    data: [602.0906606373956, 0.0, 300.33385025264073, 0.0, 594.2506199363708, 222.5904158005273, 0.0, 0.0, 1.0]
  distortion_model: plumb_bob
  distortion_coefficients:
    rows: 1
    cols: 5
    data: [0.010762757721444076, -0.08670132807475911, -0.0005974624862354021, -0.0028558476549465682, 0.0]
  rectification_matrix:
    rows: 3
    cols: 3
    data: [1.0, 0.0, 0.0, 0.0, 1.0, 0.0, 0.0, 0.0, 1.0]
  projection_matrix:
    rows: 3
    cols: 4
    data: [598.1726684570312, 0.0, 297.917814312219, 0.0, 0.0, 592.7899169921875, 221.8392037641206, 0.0, 0.0, 0.0, 1.0, 0.0]

cam_bottom:
  width: 640
  height: 480
  fps: 30
  device: /dev/auv_cam_bottom

  image_width: 640
  image_height: 480
  camera_name: cam_bottom
  camera_matrix:
    rows: 3
    cols: 3
    data: [662.777153, 0, 316.454652, 0, 871.683826, 249.195884, 0, 0, 1]
  distortion_model: plumb_bob
  distortion_coefficients:
    rows: 1
    cols: 5
    data: [0.666467, -0.503379, 0.0089, -0.008196, 0.0]
  rectification_matrix:
    rows: 3
    cols: 3
    data: [1, 0, 0, 0, 1, 0, 0, 0, 1]
  projection_matrix:
    rows: 3
    cols: 4
    data: [750.047689, 0, 313.903300, 0, 0, 988.371962, 250.566244, 0, 0, 0, 1, 0]
