cam_front:
  width: 1280
  height: 720
  fps: 30

  image_width: 1280
  image_height: 720
  camera_name: cam_front
  camera_matrix:
    rows: 3
    cols: 3
    data: [768.247626, 0.0, 669.410586,
           0.0, 772.874141, 342.206987,
           0.0, 0.0, 1.0]
  distortion_model: plumb_bob
  distortion_coefficients:
    rows: 1
    cols: 5
    data: [-0.216644, 0.053616, -0.002322, 0.001698, 0.0]
  rectification_matrix:
    rows: 3
    cols: 3
    data: [1.0, 0.0, 0.0,
           0.0, 1.0, 0.0,
           0.0, 0.0, 1.0]
  projection_matrix:
    rows: 3
    cols: 4
    data: [642.776639, 0.0, 685.001385, 0.0,
           0.0, 734.126134, 338.941703, 0.0,
           0.0, 0.0, 1.0, 0.0]
