created_at: '2026-07-01T14:40:01.197234'
paths:
  - name: path1
    ref_a: slalom_wp_2
    ref_b: bin_basket_front_link_kde
    b_mode: 0
    b_reference_distance: 12.0
    waypoint_prefix: path
    waypoints:
      - x: 1.7000000000000002
        y: -3.9399999999999995
        z: -1.0
        yaw: 0.0
      - x: 4.72
        y: -3.8599999999999994
        z: -1.0
        yaw: 53.000000000000014
      - x: 7.08
        y: -0.4800000000000004
        z: -1.0
        yaw: 85.0
  - name: path2
    ref_a: path1_wp3
    ref_b: torpedo_map_link_kde
    b_mode: 1
    b_reference_distance: 12.0
    waypoint_prefix: path
    waypoints:
      - x: 3.4000000000000004
        y: 3.12
        z: -1.0
        yaw: 0.0
      - x: 7.1
        y: 5.82
        z: -1.0
        yaw: 0.0
